

## Dont know what lib i used to generate these codes 

## LG at desk
Power:
{"type":3,"value":551489775,"length":32}
Mute:
{"type":3,"value":551522415,"length":32}
Vup:
{"type":3,"value":551502015,"length":32}
Vdwn:
{"type":3,"value":551534655,"length":32}


## Samsung TV
Power:
{"type":7,"value":3772793023,"length":32}
Vup:
{"type":7,"value":3772833823,"length":32}
Vd:
{"type":7,"value":3772829743,"length":32}
Mute:
{"type":7,"value":3772837903,"length":32}



#### Current correct codes


TVvUP
19:46:18.483 -> Library   : v2.7.6
19:46:18.483 -> Protocol  : SAMSUNG
19:46:18.483 -> Code      : 0xE0E0E01F (32 Bits)
19:46:18.549 -> uint64_t data = 0xE0E0E01F;

TVvDWN
19:47:42.900 -> Library   : v2.7.6
19:47:42.900 -> Protocol  : SAMSUNG
19:47:42.900 -> Code      : 0xE0E0D02F (32 Bits)
19:47:42.966 -> uint64_t data = 0xE0E0D02F;


TVMute
19:48:10.369 -> Library   : v2.7.6
19:48:10.369 -> Protocol  : SAMSUNG
19:48:10.369 -> Code      : 0xE0E0F00F (32 Bits)
19:48:10.468 -> uint64_t data = 0xE0E0F00F;
19:48:10.468 ->

TV Power Off
19:48:46.600 -> Library   : v2.7.6
19:48:46.600 -> Protocol  : SAMSUNG
19:48:46.600 -> Code      : 0xE0E040BF (32 Bits)
19:48:46.733 -> uint64_t data = 0xE0E040BF;
19:48:46.733 ->


Source

18:15:14.580 -> Protocol  : SAMSUNG
18:15:14.580 -> Code      : 0xE0E0807F (32 Bits)
18:15:14.580 -> uint16_t rawData[135] = {4430, 4482,  526, 1704,  526, 1704,  526, 1704,  528, 588,  526, 588,  526, 590,  526, 588,  526, 588,  526, 1706,  526, 1706,  526, 1704,  526, 588,  556, 560,  524, 590,  526, 588,  526, 588,  526, 1704,  528, 586,  526, 588,  526, 588,  528, 586,  526, 588,  526, 588,  554, 560,  528, 586,  528, 1704,  526, 1704,  526, 1706,  528, 1704,  526, 1704,  526, 1704,  554, 1678,  526, 46430,  4408, 4482,  528, 1702,  526, 1704,  526, 1704,  526, 588,  526, 588,  526, 588,  526, 588,  526, 588,  526, 1704,  526, 1706,  528, 1704,  526, 588,  526, 588,  524, 590,  526, 586,  528, 588,  524, 1706,  528, 586,  526, 588,  526, 586,  526, 588,  540, 574,  526, 588,  526, 588,  526, 588,  526, 1704,  526, 1706,  526, 1704,  526, 1706,  526, 1704,  526, 1704,  526, 1706,  526};  // SAMSUNG E0E0807F
18:15:14.678 -> uint32_t address = 0x7;
18:15:14.678 -> uint32_t command = 0x1;
18:15:14.678 -> uint64_t data = 0xE0E0807F;
18:15:14.678 ->



18:11:25.523 -> Library   : v2.7.6


#Stuff to capture
##TV
input
##Sat


Info

4956,2000,968,2988,970,2988,968,2990,938,1092,968,1036,938,3020,964,1066,968,1036,964,2996,1020,2934,994,1036,968,1038,994
4976,1998,968,2988,970,2988,968,2990,916,1114,968,1036,970,2988,962,1068,968,1036,960,2998,992,2966,992,1036,968,1036,994
4972,2002,942,3014,942,3016,942,3016,938,1092,942,1062,938,3020,964,1066,942,1062,962,2996,968,2990,968,1062,942,1064,966
4976,1998,970,2988,968,2988,970,2988,914,1116,968,1036,970,2988,962,1070,968,1036,940,3018,992,2966,994,1036,968,1036,992
4976,2000,968,2988,970,2988,970,2988,940,1090,970,1034,940,3020,990,1038,970,1034,964,2994,994,2962,994,1036,970,1036,992
5004,1972,968,2990,970,2988,968,2988,916,1114,970,1036,968,2988,962,1070,968,1034,962,2996,994,2964,994,1036,970,1036,994


Menu

4944,2006,962,1068,970,1034,940,3018,992,1038,968,2988,968,2990,938,1092,968,1036,936,3020,964,2994,994,1034,970,1036,994
4954,2000,942,1062,940,1092,942,3014,942,1062,966,2992,992,2990,942,1062,936,1094,942,3016,966,2990,942,1064,968,1060,944
4900,2006,986,1066,970,1034,962,2998,992,1036,968,2988,968,2990,938,1094,968,1034,938,3018,990,2968,1022,1008,996,1010,994
4976,1998,970,1036,962,1068,970,2986,970,1034,992,2966,1022,2960,968,1036,938,1092,970,2988,970,2986,970,1036,994,1034,970
4920,2030,964,1066,970,1036,962,2996,994,1036,970,2988,968,2988,938,1092,970,1034,938,3020,990,2968,1020,1008,968,1038,994

Go Back

4956,2000,970,1034,990,2968,994,2988,968,1036,968,2988,962,1068,970,1034,960,1070,968,2988,968,2988,970,2988,938,3020,990
4954,1998,944,1062,938,3018,990,2968,992,1036,968,2990,938,1092,968,1036,936,1094,966,2992,968,2990,968,2990,942,3014,960
4974,2000,968,1036,964,2994,994,2988,968,1038,968,2988,962,1068,968,1036,960,1070,968,2990,968,2988,970,2988,938,3020,990
4956,1998,970,1034,962,2996,994,2964,994,1034,970,2988,936,1094,970,1036,938,1092,970,2988,970,2988,970,2988,970,2988,962
4984,1970,970,1036,990,2968,1022,2960,970,1036,968,2988,962,1068,970,1034,962,1070,970,2988,970,2988,970,2988,938,3020,990


Power ON

4956,1974,994,1036,968,2988,940,3018,964,1068,966,1036,962,1068,970,1034,962,1070,970,1034,938,3020,992,1036,970,2988,976
4956,1972,938,1092,968,2988,970,2988,968,1036,994,1036,970,1036,992,1036,968,1038,992,1038,968,2990,942,1064,966,3014,944
4948,2024,942,1062,964,2994,966,3014,944,1062,942,1064,966,1062,942,1064,966,1062,944,1064,966,3014,942,1062,938,3020,964
4948,2000,966,1062,942,3016,914,3042,962,1068,942,1062,940,1092,942,1062,940,1090,942,1062,938,3020,966,1064,942,3014,942
4950,1998,936,1096,968,2988,970,2988,968,1038,994,1036,968,1036,994,1036,970,1036,992,1038,968,2990,968,1038,1020,2962,968


Last channel

4956,1998,970,1036,994,1036,968,1038,994,2988,970,2988,970,1034,964,1068,970,1034,962,1068,970,2988,968,2988,970,2988,938
30,36000,4928,2024,942,1062,940,1090,942,1062,940,3018,964,2994,966,1062,942,1064,966,1062,942,1064,966,2988,968,3016,940,3016,940
4952,2000,942,1064,968,1062,966,1038,992,2990,944,3014,968,1036,960,1070,944,1062,938,1092,942,3014,942,3014,968,2990,938


0
4976,2000,968,1036,966,1064,968,2988,968,1038,994,1036,968,2990,968,1036,994,1036,968,1040,992,2988,968,2990,968,1038,966
4898,2030,940,1090,970,1036,938,3018,966,1066,970,1034,964,2994,1022,1006,968,1038,996,1034,970,2986,998,2960,960,1070,970
4978,1998,968,1036,960,1070,968,2988,970,1034,992,1038,970,2988,970,1036,1022,1008,970,1036,996,2960,996,2988,970,1036,962
4956,1998,970,1034,992,1038,970,2988,970,1036,994,1036,968,2988,968,1038,994,1034,970,1038,994,2988,968,2988,970,1034,992

1
4948,2026,942,3016,942,3016,942,3014,940,3018,966,1064,942,1062,964,1066,942,1062,964,1066,942,3014,944,1062,968,1062,942
4920,2008,964,2996,994,2964,994,2988,968,2990,970,1036,992,1038,970,1036,990,1040,966,1038,966,2994,994,1034,968,1036,994
4982,1972,968,2988,938,3020,990,2968,994,2988,970,1036,970,1034,996,1034,970,1036,994,1034,968,2990,938,1092,968,1036,938
4930,2024,942,3016,942,3014,944,3014,938,3018,966,1064,942,1062,964,1066,942,1062,962,1068,942,3016,942,1064,966,1062,942
4898,2030,940,3018,968,2990,966,3014,942,3016,942,1062,966,1064,942,1062,966,1064,942,1062,964,2994,968,1062,942,1062,968

2
4978,1998,968,2988,970,1036,992,1038,970,1034,992,2966,994,1036,968,1038,996,1034,968,1038,994,2962,994,2990,968,1036,962
4960,1994,970,2988,968,1036,994,1036,970,1036,994,2988,968,1036,968,1036,994,1034,970,1038,992,2988,968,2988,970,1036,992
4956,1998,970,2988,970,1034,994,1038,968,1036,992,2966,994,1034,970,1036,994,1036,968,1036,994,2962,998,2986,970,1034,940
4956,1998,970,2988,968,1038,994,1034,970,1036,994,2988,968,1036,968,1036,994,1034,970,1038,994,2988,970,2986,970,1036,992

3
4974,2000,968,1036,992,2966,994,1036,968,1036,994,2988,968,1036,968,1036,994,1038,968,2988,962,2996,992,1036,968,1038,990
4956,1998,970,1036,960,2998,994,1036,996,1008,992,2966,994,1036,970,1036,994,1034,968,2990,968,2988,964,1068,970,1034,962
4956,1998,968,1036,992,2966,994,1034,972,1036,994,2988,968,1036,968,1036,994,1036,968,2990,960,2998,994,1036,968,1038,992
4876,2052,938,1092,970,2988,970,1034,966,1066,970,2988,968,1038,994,1036,970,1036,994,2964,994,2988,970,1034,960,1070,970

4
4978,1998,968,2988,968,2988,968,2990,938,1092,968,2990,968,1038,964,1066,968,1036,964,1066,968,1036,962,2996,994,2964,994
4972,1978,994,2964,992,2988,968,2990,968,1036,992,2966,992,1036,970,1036,994,1036,968,1038,994,1036,968,2988,968,2988,962
4928,2026,942,3016,942,3014,942,3014,940,1092,942,3016,942,1062,964,1066,942,1064,962,1068,942,1064,940,3018,966,2992,966
4976,1976,994,2964,994,2988,970,2988,968,1036,992,2966,994,1036,968,1036,994,1034,968,1038,994,1034,968,2990,968,2988,962

5
4972,1976,994,2964,994,1034,970,1036,994,2988,970,2988,970,1036,990,1040,968,1036,990,2968,994,1036,968,2988,970,2986,964
4978,1998,968,2988,970,1036,994,1036,970,2988,970,2988,938,1092,968,1036,916,1114,996,2962,970,1034,964,2996,994,2964,994
4972,1976,994,2964,1022,1008,968,1036,994,2988,996,2960,970,1036,992,1038,968,1036,964,2994,996,1034,968,2988,968,2988,962

6
4976,2000,968,2988,968,2988,916,1114,970,2988,970,2988,968,1036,996,1034,970,1036,992,2966,994,2988,970,1034,936,3020,966
4956,2000,968,2990,966,2990,968,1038,994,2988,948,3010,970,1036,990,1040,942,1062,964,2994,994,2962,994,1036,970,2988,962
4956,1998,970,2988,968,2990,916,1114,968,2990,968,2988,970,1036,994,1036,968,1036,992,2966,994,2988,968,1036,938,3020,964
4956,1998,970,2988,970,2988,996,1008,996,2986,970,2986,970,1034,992,1038,970,1034,990,2970,994,2962,996,1036,970,2988,962

7
4954,1998,970,1036,994,2988,968,1036,918,3040,964,1066,970,1036,964,1066,970,1036,960,2996,994,1036,968,2988,970,2988,938
4976,1998,968,1036,940,3018,994,1036,970,2988,970,1036,994,1034,968,1036,996,1034,970,2988,970,1034,996,2986,970,2988,968
4972,1998,970,1036,994,2986,970,1034,916,3042,990,1042,970,1034,964,1068,970,1034,960,2998,994,1036,970,2988,998,2958,940
4948,2026,942,1062,940,3020,966,1062,942,3016,942,1064,966,1062,942,1064,966,1062,942,3016,942,1062,968,3016,940,3016,942

8
4974,2000,942,3014,942,1062,966,1064,942,3016,968,1038,992,1038,942,1062,992,1038,968,1038,992,1038,942,1064,992,2966,990
4896,2034,938,3020,966,1066,942,1062,964,2994,968,1062,942,1064,966,1062,942,1064,966,1064,942,1064,966,1064,942,3016,942
4974,2000,942,3016,942,1064,966,1064,942,3016,942,1064,966,1062,942,1064,966,1062,942,1064,966,1062,942,1064,966,2992,966
4898,2052,940,3020,990,1040,968,1036,964,2994,992,1036,968,1036,994,1036,968,1038,994,1036,968,1036,994,1036,970,2988,968

9
4974,2000,968,1038,990,2968,994,2988,968,2990,968,1036,962,1068,968,1036,962,1068,968,2990,970,1036,992,1036,968,1036,992
4956,1998,968,1042,958,2996,994,2966,992,2988,968,1036,940,1092,968,1036,916,1116,996,2960,968,1038,962,1068,968,1036,962
4956,1998,968,1036,992,2966,994,2988,968,2988,970,1034,964,1066,968,1036,962,1068,968,2990,968,1036,994,1036,970,1034,966


Guide
4976,2000,968,1038,938,3018,992,2968,992,2988,944,3014,968,1038,964,1066,942,1060,966,1066,968,1038,962,2996,992,1036,968
4900,2028,964,1068,968,2988,968,2990,968,2990,960,2998,994,1036,968,1036,966,1066,968,1036,964,1066,968,2990,968,1038,994
4930,2024,942,1062,940,3018,966,2992,966,3014,942,3014,942,1062,964,1066,942,1062,964,1066,942,1062,962,2996,966,1062,942


up
4976,1998,970,2988,968,2990,916,1114,968,1036,966,1038,994,2988,968,1036,960,1070,968,2990,996,2962,968,2990,938,3018,964
4978,1998,968,2988,968,2988,970,1038,994,1034,970,1036,1022,2960,968,1036,938,1094,968,2988,970,2988,968,2988,968,2990,960
4956,1998,968,2990,970,2988,916,1114,970,1034,968,1036,994,2988,968,1036,958,1072,968,2988,996,2962,968,2988,938,3020,990
4954,2000,970,2988,968,2990,968,1038,994,1036,968,1038,992,2988,970,1036,916,1114,968,2990,970,2988,970,2988,970,2988,964
4954,2000,968,2988,970,2988,916,1114,968,1036,970,1036,994,2990,968,1036,940,1092,968,2988,968,2990,968,2990,938,3020,964


down
4950,2024,944,1062,938,1092,942,1062,938,1092,942,1062,938,3018,964,1066,942,1062,964,1066,942,3016,942,1064,968,2990,968
4896,2052,938,1092,942,1064,938,1092,942,1062,916,1116,942,3016,942,1062,960,1072,942,1062,940,3018,966,1062,942,3016,942
4954,2002,942,1062,940,1090,942,1062,938,1092,942,1062,938,3018,964,1066,942,1062,962,1068,942,3014,942,1064,992,2966,968
4876,2052,938,1092,942,1062,938,1094,940,1062,916,1116,942,3016,942,1062,940,1090,942,1062,938,3020,966,1064,942,3016,942



left
//4920,2030,964,2994,1022,1008,970,2988,968,2988,938,3020,994,1036,970,1034,992,1040,968,2988,968,1036,994,1036,970,1036,994

5004,1972,970,2988,970,1036,992,2966,994,2988,970,2988,996,1008,990,1040,970,1036,964,2994,994,1034,970,1038,990,1038,968


//4942,2008,964,2994,994,1036,970,2988,968,2988,938,3020,992,1038,968,1036,992,1038,968,2988,970,1036,994,1036,968,1036,994

4954,1998,970,2986,940,1092,968,2990,996,2960,968,2990,968,1036,994,1036,968,1038,994,2988,968,1036,940,1090,970,1034,938


right
4974,1974,994,2962,994,1036,968,1036,994,1034,970,1036,996,1034,970,1036,994,1034,970,2988,916,3042,966,1066,968,1036,964
5004,1972,970,2988,970,1036,992,1036,968,1038,992,1038,968,1036,992,1038,970,1036,964,2994,994,2962,994,1036,966,1038,994
//4954,1976,994,2962,994,1036,968,1036,996,1034,970,1036,994,1036,996,1010,1000,1030,968,2988,936,3020,966,1066,968,1036,964
//4982,1972,970,2988,970,1034,994,1036,968,1036,992,1038,970,1036,990,1040,970,1036,964,2994,994,2962,994,1036,970,1036,1020
4952,1976,996,2960,994,1036,968,1038,994,1036,968,1036,994,1036,970,1036,994,1034,970,2992,912,3042,964,1066,968,1038,962



enter
4956,1998,968,1036,992,1038,968,2990,968,2988,916,3042,964,1066,970,1034,962,1068,968,1036,962,2996,994,1036,970,1034,994
4876,2052,938,1092,970,1034,938,3020,992,2966,994,2986,970,1036,970,1034,996,1036,970,1036,996,2986,970,1036,938,1092,968
4956,1998,970,1036,938,1092,966,2990,968,2988,968,2988,938,1092,968,1036,916,1116,968,1036,968,2990,962,1068,968,1038,960
4930,2024,944,1062,964,1066,942,3016,942,3014,936,3020,964,1068,942,1062,940,1090,942,1062,938,3020,966,1062,942,1062,966


Then Strings of commands pressed into one button
(https://www.tvchannellists.com/List_of_Shaw_Direct_Channels)



HoneyWell Fan button

14:34:30.192 -> Timestamp : 001905.796
14:34:30.192 -> Library   : v2.7.12
14:34:30.192 -> 
14:34:30.192 -> Protocol  : SYMPHONY
14:34:30.192 -> Code      : 0xD82 (12 Bits)
14:34:30.192 -> uint16_t rawData[167] = {1284, 410,  1280, 410,  436, 1276,  1260, 410,  1280, 408,  436, 1256,  436, 1256,  436, 1254,  436, 1256,  436, 1254,  1282, 410,  436, 7916,  1282, 430,  1260, 410,  434, 1254,  1282, 408,  1284, 430,  440, 1228,  436, 1254,  436, 1256,  462, 1228,  436, 1276,  1258, 432,  440, 7888,  1284, 410,  1280, 408,  436, 1276,  1260, 432,  1258, 408,  436, 1256,  436, 1254,  438, 1256,  434, 1256,  436, 1254,  1282, 432,  414, 7916,  1284, 430,  1260, 408,  436, 1276,  1258, 432,  1258, 410,  436, 1256,  436, 1254,  436, 1254,  436, 1254,  438, 1256,  1308, 388,  430, 7918,  1280, 408,  1282, 410,  436, 1278,  1258, 410,  1282, 410,  434, 1278,  440, 1228,  438, 1254,  436, 1256,  436, 1278,  1260, 408,  464, 7914,  1262, 410,  1280, 410,  462, 1230,  1282, 410,  1282, 408,  436, 1256,  434, 1256,  436, 1256,  436, 1256,  436, 1278,  1258, 412,  436, 7918,  1284, 410,  1282, 432,  414, 1254,  1284, 410,  1282, 408,  436, 1256,  436, 1254,  436, 1256,  436, 1278,  414, 1256,  1282, 410,  434};  // SYMPHONY D82
14:34:30.291 -> uint64_t data = 0xD82;
14:34:30.291 -> 
14:34:30.291 -> 
14:34:31.019 -> Timestamp : 001906.624
14:34:31.019 -> Library   : v2.7.12
14:34:31.019 -> 
14:34:31.019 -> Protocol  : SYMPHONY
14:34:31.019 -> Code      : 0xD82 (12 Bits)
14:34:31.019 -> uint16_t rawData[191] = {1286, 408,  1282, 408,  440, 1274,  1260, 410,  1280, 410,  434, 1256,  434, 1278,  440, 1228,  436, 1254,  436, 1254,  1282, 432,  412, 7916,  1282, 410,  1280, 410,  434, 1256,  1282, 408,  1282, 410,  434, 1254,  436, 1256,  436, 1254,  436, 1276,  414, 1256,  1280, 410,  436, 7916,  1282, 432,  1258, 408,  436, 1256,  1280, 410,  1280, 432,  414, 1278,  414, 1252,  438, 1276,  414, 1256,  434, 1256,  1282, 430,  412, 7918,  1280, 408,  1282, 410,  434, 1254,  1282, 410,  1280, 410,  436, 1256,  436, 1256,  434, 1254,  436, 1256,  434, 1278,  1258, 410,  436, 7916,  1282, 410,  1282, 432,  414, 1254,  1282, 410,  1282, 410,  434, 1276,  416, 1254,  462, 1230,  434, 1256,  436, 1254,  1282, 432,  414, 7918,  1282, 408,  1284, 432,  414, 1276,  1260, 410,  1282, 410,  436, 1256,  436, 1276,  414, 1256,  436, 1256,  436, 1254,  1282, 410,  436, 7920,  1282, 410,  1282, 410,  436, 1256,  1282, 410,  1280, 410,  434, 1256,  436, 1256,  462, 1228,  436, 1256,  436, 1254,  1282, 410,  436, 7922,  1282, 408,  1282, 432,  412, 1258,  1282, 410,  1282, 408,  436, 1278,  414, 1256,  436, 1256,  436, 1278,  414, 1278,  1260, 410,  434};  // SYMPHONY D82
14:34:31.119 -> uint64_t data = 0xD82;
14:34:31.119 -> 
14:34:31.119 -> 



Honey well power


14:35:01.079 -> Timestamp : 001936.670
14:35:01.079 -> Library   : v2.7.12
14:35:01.079 -> 
14:35:01.079 -> Protocol  : SYMPHONY
14:35:01.079 -> Code      : 0xD81 (12 Bits)
14:35:01.079 -> uint16_t rawData[95] = {1286, 430,  1260, 408,  436, 1252,  1284, 410,  1280, 410,  434, 1256,  436, 1254,  436, 1276,  414, 1254,  436, 1254,  436, 1256,  1282, 7070,  1282, 410,  1282, 430,  414, 1278,  1260, 408,  1282, 408,  438, 1254,  436, 1254,  436, 1254,  436, 1256,  436, 1254,  436, 1256,  1282, 7072,  1282, 432,  1260, 410,  434, 1254,  1282, 410,  1280, 410,  436, 1254,  436, 1256,  434, 1256,  434, 1256,  436, 1256,  434, 1256,  1282, 7072,  1284, 410,  1282, 410,  434, 1256,  1282, 410,  1282, 410,  436, 1256,  436, 1256,  436, 1256,  436, 1256,  434, 1256,  436, 1278,  1260};  // SYMPHONY D81
14:35:01.112 -> uint64_t data = 0xD81;
14:35:01.112 -> 
14:35:01.112 -> 
14:35:01.677 -> Timestamp : 001937.294
14:35:01.677 -> Library   : v2.7.12
14:35:01.710 -> 
14:35:01.710 -> Protocol  : UNKNOWN
14:35:01.710 -> Code      : 0x89AF99E1 (60 Bits)
14:35:01.710 -> uint16_t rawData[119] = {1344, 348,  1344, 368,  478, 1190,  1374, 316,  1344, 346,  528, 1164,  526, 1164,  498, 1190,  500, 1190,  528, 1164,  524, 1166,  1370, 6980,  1344, 348,  1342, 346,  498, 1194,  1342, 346,  1316, 398,  476, 1192,  536, 1154,  498, 1214,  506, 1162,  500, 1192,  526, 1164,  1342, 7010,  1344, 350,  1342, 348,  498, 1192,  1342, 350,  1342, 350,  468, 1222,  498, 1216,  474, 1194,  554, 1160,  476, 1190,  500, 1192,  1396, 6956,  1340, 374,  1288, 402,  474, 1194,  1316, 376,  1338, 374,  500, 1168,  522, 1168,  500, 1216,  474, 1216,  502, 1168,  494, 1196,  1316, 7040,  1284, 406,  1312, 380,  494, 1196,  1314, 378,  1338, 350,  468, 1226,  496, 1194,  498, 1194,  496, 1194,  522, 1170,  498, 1194,  1312};  // UNKNOWN 89AF99E1
14:35:01.776 -> 
14:35:01.776 -> 

LG power 

14:35:13.709 -> Timestamp : 001949.312
14:35:13.709 -> Library   : v2.7.12
14:35:13.709 -> 
14:35:13.709 -> Protocol  : NEC
14:35:13.709 -> Code      : 0x20DF10EF (32 Bits)
14:35:13.709 -> uint16_t rawData[71] = {8996, 4490,  566, 552,  566, 552,  568, 1670,  566, 552,  568, 550,  594, 526,  566, 552,  566, 552,  540, 1696,  568, 1668,  594, 548,  546, 1670,  566, 1670,  594, 1644,  540, 1698,  592, 1644,  564, 552,  568, 552,  566, 576,  544, 1692,  572, 526,  566, 552,  566, 552,  566, 552,  566, 1670,  568, 1670,  566, 1670,  594, 524,  568, 1692,  572, 1644,  594, 1644,  568, 1670,  568, 40092,  8998, 2252,  624};  // NEC 20DF10EF
14:35:13.742 -> uint32_t address = 0x4;
14:35:13.742 -> uint32_t command = 0x8;
14:35:13.742 -> uint64_t data = 0x20DF10EF;
14:35:13.775 -> 
14:35:13.775 -> 
14:35:16.627 -> Timestamp : 001952.223
14:35:16.627 -> Library   : v2.7.12
14:35:16.627 -> 
14:35:16.627 -> Protocol  : NEC
14:35:16.627 -> Code      : 0x20DF10EF (32 Bits)
14:35:16.627 -> uint16_t rawData[71] = {8996, 4486,  542, 574,  570, 550,  566, 1670,  568, 552,  564, 552,  566, 552,  542, 576,  566, 552,  592, 1644,  542, 1696,  592, 526,  592, 1644,  566, 1670,  542, 1696,  540, 1716,  572, 1664,  574, 524,  542, 576,  592, 546,  544, 1672,  592, 546,  572, 526,  594, 544,  588, 510,  566, 1672,  564, 1672,  618, 1638,  522, 578,  592, 1664,  572, 1664,  572, 1644,  592, 1664,  572, 40066,  9048, 2218,  600};  // NEC 20DF10EF
14:35:16.660 -> uint32_t address = 0x4;
14:35:16.660 -> uint32_t command = 0x8;
14:35:16.660 -> uint64_t data = 0x20DF10EF;



LG Vup

14:35:13.709 -> Timestamp : 001949.312
14:35:13.709 -> Library   : v2.7.12
14:35:13.709 -> 
14:35:13.709 -> Protocol  : NEC
14:35:13.709 -> Code      : 0x20DF10EF (32 Bits)
14:35:13.709 -> uint16_t rawData[71] = {8996, 4490,  566, 552,  566, 552,  568, 1670,  566, 552,  568, 550,  594, 526,  566, 552,  566, 552,  540, 1696,  568, 1668,  594, 548,  546, 1670,  566, 1670,  594, 1644,  540, 1698,  592, 1644,  564, 552,  568, 552,  566, 576,  544, 1692,  572, 526,  566, 552,  566, 552,  566, 552,  566, 1670,  568, 1670,  566, 1670,  594, 524,  568, 1692,  572, 1644,  594, 1644,  568, 1670,  568, 40092,  8998, 2252,  624};  // NEC 20DF10EF
14:35:13.742 -> uint32_t address = 0x4;
14:35:13.742 -> uint32_t command = 0x8;
14:35:13.742 -> uint64_t data = 0x20DF10EF;
14:35:13.775 -> 
14:35:13.775 -> 
14:35:16.627 -> Timestamp : 001952.223
14:35:16.627 -> Library   : v2.7.12
14:35:16.627 -> 
14:35:16.627 -> Protocol  : NEC
14:35:16.627 -> Code      : 0x20DF10EF (32 Bits)
14:35:16.627 -> uint16_t rawData[71] = {8996, 4486,  542, 574,  570, 550,  566, 1670,  568, 552,  564, 552,  566, 552,  542, 576,  566, 552,  592, 1644,  542, 1696,  592, 526,  592, 1644,  566, 1670,  542, 1696,  540, 1716,  572, 1664,  574, 524,  542, 576,  592, 546,  544, 1672,  592, 546,  572, 526,  594, 544,  588, 510,  566, 1672,  564, 1672,  618, 1638,  522, 578,  592, 1664,  572, 1664,  572, 1644,  592, 1664,  572, 40066,  9048, 2218,  600};  // NEC 20DF10EF
14:35:16.660 -> uint32_t address = 0x4;
14:35:16.660 -> uint32_t command = 0x8;
14:35:16.660 -> uint64_t data = 0x20DF10EF;

LG Vdwn

14:35:13.709 -> Timestamp : 001949.312
14:35:13.709 -> Library   : v2.7.12
14:35:13.709 -> 
14:35:13.709 -> Protocol  : NEC
14:35:13.709 -> Code      : 0x20DF10EF (32 Bits)
14:35:13.709 -> uint16_t rawData[71] = {8996, 4490,  566, 552,  566, 552,  568, 1670,  566, 552,  568, 550,  594, 526,  566, 552,  566, 552,  540, 1696,  568, 1668,  594, 548,  546, 1670,  566, 1670,  594, 1644,  540, 1698,  592, 1644,  564, 552,  568, 552,  566, 576,  544, 1692,  572, 526,  566, 552,  566, 552,  566, 552,  566, 1670,  568, 1670,  566, 1670,  594, 524,  568, 1692,  572, 1644,  594, 1644,  568, 1670,  568, 40092,  8998, 2252,  624};  // NEC 20DF10EF
14:35:13.742 -> uint32_t address = 0x4;
14:35:13.742 -> uint32_t command = 0x8;
14:35:13.742 -> uint64_t data = 0x20DF10EF;
14:35:13.775 -> 
14:35:13.775 -> 
14:35:16.627 -> Timestamp : 001952.223
14:35:16.627 -> Library   : v2.7.12
14:35:16.627 -> 
14:35:16.627 -> Protocol  : NEC
14:35:16.627 -> Code      : 0x20DF10EF (32 Bits)
14:35:16.627 -> uint16_t rawData[71] = {8996, 4486,  542, 574,  570, 550,  566, 1670,  568, 552,  564, 552,  566, 552,  542, 576,  566, 552,  592, 1644,  542, 1696,  592, 526,  592, 1644,  566, 1670,  542, 1696,  540, 1716,  572, 1664,  574, 524,  542, 576,  592, 546,  544, 1672,  592, 546,  572, 526,  594, 544,  588, 510,  566, 1672,  564, 1672,  618, 1638,  522, 578,  592, 1664,  572, 1664,  572, 1644,  592, 1664,  572, 40066,  9048, 2218,  600};  // NEC 20DF10EF
14:35:16.660 -> uint32_t address = 0x4;
14:35:16.660 -> uint32_t command = 0x8;
14:35:16.660 -> uint64_t data = 0x20DF10EF;